x1:  276.0
x2:  249.0
y1:  4.02
y2:  7.01
m:  -0.11074074074074075
b:  34.58444444444444
